Name	z	Flux(erg/s/cm2)	Lx(erg/s)
Virgo	0.0036	1.49e-09	4.25e+043
Coma	0.0231	2.88e-10	3.46e+044
A3526	0.0114	2.4e-10	6.94e+043
A3571	0.0391	1.09e-10	3.82e+044
A1367	0.0214	1.07e-10	1.1e+044
A2199	0.0299	9.39e-11	1.9e+044
2A0335	0.0347	8.93e-11	2.45e+044
A1060	0.0126	8.79e-11	3.11e+043
A0496	0.0326	7.67e-11	1.85e+044
A0085	0.0555	7.15e-11	5.1e+044
A0262	0.0163	7.06e-11	4.19e+043
A3667	0.0556	6.8e-11	4.87e+044
A2029	0.0766	6.31e-11	8.73e+044
NGC5044	0.0087	6.26e-11	1.05e+043
A1795	0.0622	6.06e-11	5.48e+044
A3558	0.048	5.91e-11	3.14e+044
A0754	0.0542	5.64e-11	3.85e+044
A2142	0.0894	5.6e-11	1.07e+045
NGC5813	0.005	5.42e-11	3e+042
A2052	0.0353	5.08e-11	1.44e+044
A4038	0.03	5.05e-11	1.03e+044
A3266	0.0589	4.92e-11	3.98e+044
A2147	0.0353	4.79e-11	1.36e+044
NGC4636	0.0031	4.73e-11	1e+042
A0401	0.0739	4.72e-11	6.09e+044
NGC1550	0.0131	4.6e-11	1.76e+043
A2256	0.0581	4.51e-11	3.54e+044
A0780	0.0539	4.02e-11	2.72e+044
A2063	0.0355	3.97e-11	1.14e+044
A0478	0.0882	3.89e-11	7.22e+044
A1644	0.0473	3.68e-11	1.9e+044
A1736	0.0458	3.45e-11	1.67e+044
FORNAX	0.0051	3.42e-11	1.97e+042
A3158	0.059	3.4e-11	2.76e+044
MKW3s	0.0442	3.29e-11	1.48e+044
A0119	0.0442	3.19e-11	1.44e+044
A4059	0.0475	3.13e-11	1.63e+044
A3581	0.023	3.02e-11	3.61e+043
RBS0540	0.0397	2.99e-11	1.08e+044
A0399	0.0722	2.92e-11	3.59e+044
A3112	0.0752	2.86e-11	3.82e+044
A2589	0.0416	2.52e-11	1e+044
A2657	0.04	2.47e-11	9.08e+043
S1101	0.0564	2.44e-11	1.81e+044
A3562	0.049	2.42e-11	1.35e+044
A2204	0.1514	2.37e-11	1.36e+045
RXJ0123.6+3315	0.0164	2.33e-11	1.41e+043
A3395	0.0506	2.32e-11	1.38e+044
A0576	0.0381	2.28e-11	7.57e+043
A1651	0.0845	2.25e-11	3.85e+044
A2065	0.0723	2.12e-11	2.63e+044
RXCJ1504.1-0248	0.2153	2.07e-11	2.5e+045
A2597	0.0852	2.05e-11	3.56e+044
A2634	0.0309	2.04e-11	4.41e+043
A1650	0.0845	2.03e-11	3.47e+044
A3376	0.0468	1.97e-11	9.97e+043
Zw1215.1+0400	0.0766	1.97e-11	2.74e+044
A0133	0.0569	1.93e-11	1.46e+044
A3391	0.0514	1.89e-11	1.16e+044
A2255	0.0809	1.89e-11	2.95e+044
A2163	0.203	1.88e-11	2.02e+045
MKW4	0.0199	1.88e-11	1.67e+043
A2244	0.0953	1.86e-11	4.05e+044
UGC03957	0.034	1.85e-11	4.88e+043
A3532	0.0554	1.85e-11	1.32e+044
A3827	0.098	1.82e-11	4.2e+044
RXJ0341.3+1524	0.0311	1.78e-11	3.92e+043
RXCJ1539.5-8335	0.0728	1.78e-11	2.24e+044
A0400	0.0238	1.73e-11	2.21e+043
Zw1742.1+3306	0.0757	1.7e-11	2.31e+044
A2151a	0.037	1.63e-11	5.09e+043
A2107	0.0411	1.61e-11	6.25e+043
A3528S	0.0544	1.58e-11	1.09e+044
A3695	0.0894	1.54e-11	2.96e+044
S0540	0.0358	1.53e-11	4.47e+043
A2420	0.0846	1.5e-11	2.67e+044
A3822	0.076	1.49e-11	2.1e+044
A0193	0.0491	1.48e-11	8.28e+043
NGC6338	0.0276	1.47e-11	2.54e+043
A1689	0.1832	1.45e-11	1.25e+045
A3558(B)	0.0488	1.44e-11	7.96e+043
RXCJ2014.8-2430	0.1612	1.44e-11	9.46e+044
A2877	0.0238	1.42e-11	1.81e+043
RXCJ1558.3-1410	0.097	1.4e-11	3.18e+044
A2415	0.0582	1.4e-11	1.11e+044
A3560	0.0487	1.4e-11	7.67e+043
RXCJ1252.5-3116	0.0535	1.4e-11	9.31e+043
NGC5846	0.006	1.39e-11	1.11e+042
A2593	0.0428	1.37e-11	5.8e+043
RXCJ1840.6-7709	0.0194	1.36e-11	1.16e+043
S0405	0.0613	1.36e-11	1.2e+044
A0548e	0.042	1.36e-11	5.52e+043
USGCS152	0.0155	1.36e-11	7.33e+042
A2069	0.1145	1.33e-11	4.26e+044
A3921	0.094	1.32e-11	2.83e+044
A2665	0.0562	1.32e-11	9.74e+043
A2061	0.0777	1.31e-11	1.88e+044
IC1365	0.0494	1.3e-11	7.38e+043
A0376	0.0488	1.29e-11	7.14e+043
A2572a	0.0422	1.27e-11	5.21e+043
RXCJ2344.2-0422	0.0786	1.26e-11	1.85e+044
RXJ0123.2+3327	0.0146	1.25e-11	5.96e+042
RXCJ0413.9-3805	0.0501	1.25e-11	7.26e+043
MKW8	0.0263	1.23e-11	1.93e+043
A1914	0.1712	1.23e-11	9.18e+044
A1750	0.0852	1.22e-11	2.13e+044
CAN010	0.0519	1.22e-11	7.63e+043
A1307	0.0834	1.21e-11	2.07e+044
A3128	0.0624	1.2e-11	1.1e+044
A2734	0.062	1.2e-11	1.09e+044
A2426	0.098	1.2e-11	2.77e+044
A1775	0.0724	1.19e-11	1.49e+044
A1413	0.1427	1.19e-11	6.04e+044
A1767	0.0701	1.18e-11	1.37e+044
AWM4	0.0326	1.18e-11	2.85e+043
IC1262	0.0307	1.17e-11	2.5e+043
S0861	0.0505	1.17e-11	6.91e+043
A2626	0.0565	1.16e-11	8.69e+043
A2249	0.0802	1.16e-11	1.78e+044
A1831	0.0612	1.15e-11	1.02e+044
A1835	0.2528	1.15e-11	1.97e+045
A3911	0.0965	1.14e-11	2.57e+044
A3341	0.038	1.13e-11	3.73e+043
A0970	0.0586	1.12e-11	9.05e+043
A2034	0.113	1.12e-11	3.51e+044
RXCJ1253.6-3931	0.1794	1.12e-11	9.22e+044
ZwCl235	0.083	1.11e-11	1.84e+044
A3888	0.151	1.11e-11	6.38e+044
A2495	0.0768	1.11e-11	1.56e+044
RXCJ1524.2-3154	0.1028	1.1e-11	2.82e+044
A4010	0.0957	1.1e-11	2.42e+044
A3880	0.0579	1.09e-11	8.58e+043
A3392	0.0554	1.07e-11	7.69e+043
RXCJ1958.2-3011	0.1171	1.07e-11	3.6e+044
IVZw038	0.017	1.07e-11	6.95e+042
A2457	0.0594	1.07e-11	8.83e+043
A2837	0.1141	1.06e-11	3.39e+044
A0665	0.1818	1.06e-11	9e+044
APMCC699	0.0824	1.03e-11	1.68e+044
RXJ1720.1+2638	0.1644	1.03e-11	7.07e+044
A2390	0.2329	1.03e-11	1.48e+045
RXJ1205.1+3920	0.0381	1.01e-11	3.4e+043
PegasusII	0.0424	1.02e-11	4.22e+043
A2219	0.228	1.02e-11	1.41e+045
A0168	0.045	1e-11	4.68e+043
A3530	0.0541	9.96e-12	6.81e+043
ZwCl1665	0.0293	9.85e-12	1.92e+043
A0550	0.0989	9.81e-12	2.32e+044
A2572b	0.0389	9.74e-12	3.38e+043
A3404	0.1644	9.73e-12	6.71e+044
A2110	0.098	9.73e-12	2.26e+044
A3528N	0.0542	9.71e-12	6.7e+043
A1668	0.0643	9.6e-12	9.38e+043
A2440	0.0906	9.6e-12	1.9e+044
A2670	0.0765	9.58e-12	1.34e+044
A2811	0.1082	9.58e-12	2.73e+044
A1084	0.1342	9.57e-12	4.3e+044
A1991	0.0586	9.56e-12	7.7e+043
A0194	0.018	9.55e-12	6.98e+042
A1800	0.0748	9.54e-12	1.27e+044
S0780	0.2357	9.44e-12	1.4e+045
S0810	0.0726	9.42e-12	1.18e+044
A1285	0.1068	9.39e-12	2.61e+044
S0753	0.0132	9.21e-12	3.6e+042
A0007	0.1073	9.17e-12	2.57e+044
ZwCl8338	0.0501	9.16e-12	5.34e+043
A3866	0.1544	9.16e-12	5.53e+044
RXCJ2104.9-5149	0.0491	9.11e-12	5.17e+043
A2351	0.0897	9.04e-12	1.79e+044
A2572	0.0403	8.97e-12	3.35e+043
A3809	0.062	8.96e-12	8.11e+043
A0076	0.0395	8.94e-12	3.2e+043
A2261	0.224	8.93e-12	1.19e+045
A0689	0.2793	8.92e-12	1.9e+045
A2009	0.153	8.9e-12	5.27e+044
RXCJ1304.2-3030	0.0117	8.86e-12	2.73e+042
A2055	0.1021	8.85e-12	2.24e+044
S0041	0.0491	8.84e-12	4.95e+043
A2667	0.2264	8.81e-12	1.2e+045
MS2215	0.0901	8.8e-12	1.73e+044
A2033	0.0817	8.79e-12	1.41e+044
A0957	0.0445	8.79e-12	4.02e+043
A3378	0.1392	8.75e-12	4.24e+044
NGC1650	0.036	8.58e-12	2.54e+043
A2428	0.0825	8.57e-12	1.44e+044
A3733	0.0382	8.49e-12	2.83e+043
1eS0657	0.2965	8.42e-12	2.04e+045
RXCJ1926.9-5342	0.057	8.4e-12	6.34e+043
A3694	0.0936	8.35e-12	1.8e+044
A3998	0.0894	8.34e-12	1.63e+044
A3541	0.1288	8.32e-12	3.57e+044
RBS1847	0.0951	8.27e-12	1.86e+044
A0901	0.1634	8.27e-12	5.63e+044
A3126	0.0853	8.25e-12	1.47e+044
A1437	0.1339	8.21e-12	3.67e+044
A0189	0.0181	8.21e-12	6.18e+042
A3104	0.0718	8.2e-12	1.03e+044
A2556	0.0871	8.18e-12	1.51e+044
A1520	0.0688	8.13e-12	9.35e+043
NGC7556	0.0267	8.12e-12	1.32e+043
A0514	0.072	8.1e-12	1e+044
NGC4325	0.0258	8.08e-12	1.23e+043
A1361	0.1167	8.04e-12	2.79e+044
S0721	0.0497	8e-12	4.56e+043
A0545	0.154	7.99e-12	5.01e+044
A2409	0.147	7.96e-12	4.53e+044
A2717	0.049	7.94e-12	4.42e+043
A3223	0.06	7.85e-12	6.65e+043
A3825	0.075	7.82e-12	1.05e+044
RXCJ0340.6-0239	0.0352	7.82e-12	2.21e+043
A0077	0.0712	7.81e-12	9.5e+043
A1068	0.1372	7.79e-12	3.66e+044
HCG62	0.0146	7.78e-12	3.72e+042
RXCJ0034.6-0208	0.0812	7.76e-12	1.25e+044
A3574e	0.016	7.73e-12	4.45e+042
RXCJ0137.2-0912	0.0409	7.72e-12	2.96e+043
A2566	0.0822	7.67e-12	1.21e+044
A1033	0.1259	7.65e-12	2.91e+044
A2384(A)	0.0943	7.56e-12	1.66e+044
RXJ0352.9+1941	0.1085	7.54e-12	2.22e+044
A0586	0.171	7.5e-12	5.62e+044
NGC6107	0.0315	7.46e-12	1.68e+043
A0763	0.0851	7.45e-12	1.31e+044
A1205	0.078	7.43e-12	1.09e+044
A3651	0.06	7.43e-12	6.26e+043
A0115	0.1971	7.39e-12	7.49e+044
A0151N	0.0533	7.39e-12	4.91e+043
A3364	0.1483	7.36e-12	4.32e+044
RXCJ0631.3-5610	0.054	7.34e-12	4.96e+043
A1809	0.0788	7.31e-12	1.04e+044
A3301	0.0536	7.29e-12	4.87e+043
Zw1021.0+0426	0.285	7.26e-12	1.81e+045
S0805	0.0146	7.22e-12	3.46e+042
A0990	0.144	7.22e-12	3.88e+044
S0112	0.0661	7.22e-12	7.35e+043
NGC1132	0.0235	7.19e-12	9.1e+042
RXCJ0736.4+3925	0.1177	7.16e-12	2.52e+044
A0671	0.0503	7.13e-12	4.13e+043
A0907	0.1669	7.12e-12	5.3e+044
CID36	0.039	7.12e-12	2.49e+043
A0520	0.203	7.1e-12	8.31e+044
A1132	0.1369	7.08e-12	3.5e+044
S1063	0.3475	7.04e-12	2.72e+045
A2175	0.0972	7.03e-12	1.63e+044
A3164	0.057	7.02e-12	5.38e+043
AWM5	0.0337	7e-12	1.82e+043
S0301	0.023	6.99e-12	8.48e+042
A0655	0.1267	6.95e-12	2.77e+044
A0646	0.1303	6.94e-12	3e+044
A1190	0.0794	6.9e-12	1.06e+044
A1589	0.073	6.89e-12	8.75e+043
S0555	0.0442	6.88e-12	3.11e+043
S0792	0.0737	6.86e-12	8.93e+043
A2377	0.0808	6.84e-12	1.09e+044
UGC09480	0.0901	6.83e-12	1.36e+044
S0592	0.2266	6.79e-12	9.54e+044
S0974	0.0593	6.79e-12	5.58e+043
A0566	0.098	6.78e-12	1.58e+044
A0795	0.1357	6.77e-12	3.24e+044
A2124	0.0654	6.74e-12	6.84e+043
A2104	0.1533	6.72e-12	4.23e+044
A0021	0.094	6.68e-12	1.43e+044
MS1111.8	0.1306	6.67e-12	2.79e+044
RXCJ1740.5+3539	0.0428	6.58e-12	2.8e+043
Zw1420.2+4952	0.0716	6.57e-12	7.91e+043
A3856	0.1411	6.55e-12	3.41e+044
A3490	0.0697	6.51e-12	7.53e+043
A0602	0.0621	6.5e-12	5.92e+043
A3806	0.076	6.49e-12	9.17e+043
UGC04052	0.0228	6.48e-12	7.65e+042
A1735	0.204	6.47e-12	7.54e+044
A3638	0.0774	6.44e-12	9.33e+043
A1631	0.0462	6.42e-12	3.17e+043
A3444	0.2542	6.41e-12	1.19e+045
A0104	0.0815	6.4e-12	1.04e+044
RXJ2129.6+0005	0.2347	6.37e-12	1e+045
A2675	0.0726	6.31e-12	7.96e+043
NGC0777	0.0168	6.31e-12	4.03e+042
A1069	0.065	6.23e-12	6.21e+043
A3497	0.0685	6.23e-12	6.96e+043
A1185	0.0314	6.15e-12	1.38e+043
RXJ1347.5-1145	0.4516	6.14e-12	3.73e+045
RXCJ1931.6-3354	0.0972	6.13e-12	1.43e+044
A0500	0.067	6.12e-12	6.55e+043
A2941	0.1168	6.09e-12	2.01e+044
A1451	0.1992	6.06e-12	6.61e+044
A2622	0.0613	6.04e-12	5.33e+043
A1066	0.07	6.04e-12	7.18e+043
A3122	0.0643	6.03e-12	5.94e+043
A1606	0.0963	6e-12	1.38e+044
Zw1703.8	0.0912	5.97e-12	1.19e+044
A2443	0.1072	5.94e-12	1.71e+044
A1757	0.1264	5.91e-12	2.41e+044
A1927	0.0908	5.9e-12	1.19e+044
A3814	0.1184	5.9e-12	2.05e+044
RXCJ0944.6-2633	0.1421	5.86e-12	3.1e+044
A2064	0.1076	5.86e-12	1.7e+044
A2218	0.1709	5.85e-12	4.67e+044
A3854	0.1486	5.84e-12	3.43e+044
A1553	0.165	5.83e-12	4.16e+044
MKW11	0.022	5.82e-12	6.51e+042
A0013	0.094	5.82e-12	1.24e+044
S0868	0.0564	5.81e-12	4.34e+043
RXCJ0510.7-0801	0.2195	5.8e-12	7.73e+044
A0750	0.1751	5.79e-12	4.86e+044
A0272	0.0872	5.79e-12	1.05e+044
A1983	0.0444	5.77e-12	2.63e+043
RXCJ2306.6-1319	0.0659	5.76e-12	5.74e+043
APMCC772	0.0791	5.76e-12	8.64e+043
A1773	0.0765	5.76e-12	7.86e+043
S0384	0.0603	5.74e-12	4.9e+043
CID28	0.0335	5.72e-12	1.47e+043
A3836	0.1065	5.7e-12	1.55e+044
RXCJ1151.6-1619	0.0722	5.7e-12	6.85e+043
RXCJ1314.4-2515	0.2439	5.68e-12	9.89e+044
A2399	0.0579	5.68e-12	4.47e+043
S0851	0.0097	5.67e-12	1.21e+042
A2410	0.0809	5.67e-12	8.79e+043
RXCJ0228.2+2811	0.0353	5.66e-12	1.63e+043
SHK352f	0.0468	5.63e-12	2.87e+043
A0407	0.0464	5.61e-12	2.82e+043
A3570	0.0377	5.61e-12	1.8e+043
A0022	0.141	5.59e-12	2.87e+044
A1885	0.089	5.58e-12	1.02e+044
A0773	0.2172	5.55e-12	7.11e+044
A2254	0.178	5.53e-12	4.79e+044
A1035	0.079	5.52e-12	8.17e+043
A2402	0.0809	5.52e-12	8.78e+043
A1918	0.1394	5.52e-12	2.61e+044
ZwCl4905	0.0748	5.5e-12	7.39e+043
A3390	0.0333	5.49e-12	1.39e+043
RXCJ1256.9-3119	0.0561	5.48e-12	3.9e+043
A1763	0.2279	5.47e-12	8.1e+044
A1837	0.0698	5.47e-12	6.38e+043
RXJ1326.3+0013	0.0826	5.46e-12	9.11e+043
UGC12890	0.0396	5.46e-12	1.96e+043
A2721	0.1147	5.45e-12	1.81e+044
S0987	0.0691	5.45e-12	6.2e+043
A2318	0.1405	5.42e-12	2.75e+044
A3653	0.1069	5.42e-12	1.57e+044
A0697	0.282	5.41e-12	1.19e+045
RXCJ2124.3-7446	0.0586	5.4e-12	4.3e+043
A0458	0.1057	5.4e-12	1.46e+044
A1204	0.1706	5.4e-12	4.04e+044
A0311	0.0657	5.38e-12	5.41e+043
A2496	0.1221	5.37e-12	2.03e+044
HerA	0.154	5.36e-12	3.23e+044
RBS0653	0.2839	5.36e-12	1.2e+045
A2312	0.0928	5.35e-12	1.11e+044
A3140	0.1729	5.35e-12	4.12e+044
A3984	0.1786	5.34e-12	4.57e+044
A0543	0.1706	5.32e-12	3.99e+044
A3396	0.1759	5.3e-12	4.23e+044
S1136	0.0643	5.29e-12	5.04e+043
A0980	0.158	5.28e-12	3.43e+044
A1436	0.065	5.27e-12	5.28e+043
RXCJ1215.4-3900	0.119	5.24e-12	1.83e+044
A2328	0.1475	5.23e-12	3.05e+044
Zw1717.9+5636	0.1138	5.22e-12	1.7e+044
RBS1842	0.1301	5.21e-12	2.2e+044
RXCJ1353.4-2753	0.0468	5.21e-12	2.62e+043
S0520	0.2952	5.21e-12	1.26e+045
A3558(C)	0.0448	5.21e-12	2.41e+043
A0761	0.0916	5.2e-12	1.06e+044
A3739	0.1651	5.2e-12	3.81e+044
A1348	0.1195	5.19e-12	1.89e+044
A1648	0.0767	5.18e-12	7.29e+043
RXCJ1742.8+3900	0.0423	5.17e-12	2.13e+043
RXJ0503.1+0608	0.088	5.15e-12	9.63e+043
ZwCl3179	0.1434	5.14e-12	2.82e+044
Zw0959.6+3257	0.0499	5.13e-12	2.98e+043
A2533	0.111	5.13e-12	1.55e+044
RXCJ1337.4-4120	0.0519	5.11e-12	3.21e+043
A0209	0.206	5.1e-12	5.7e+044
A2627	0.1245	5.09e-12	1.96e+044
A0409	0.153	5.09e-12	3.03e+044
A1758a	0.2799	5.08e-12	1.1e+045
A2442	0.0897	5.08e-12	9.91e+043
A3744	0.0381	5.08e-12	1.7e+043
NGC6482	0.0132	5.08e-12	2.03e+042
A1142	0.0353	5.06e-12	1.44e+043
A2259	0.164	5.05e-12	3.48e+044
MS1306.7	0.088	5.05e-12	9.45e+043